
strategic_region={
	id=3
	name="STRATEGICREGION_3"
	provinces={
		49 56 128 158 179 231 244 349 402 481 482 492 550 579 596 604 614 639 661 664 675 724 727 730 745 768 802 809 834 838 844 846 870 924 937 942 976 1017 1020 1049 1052 1056 1068 1072 1086 1095 1110 1117 1123 1153 1160 1166 1175 1179 1188 1220 1260 1264 1276 1284 1330 1332 1367 1393 1402 1425 1435 1439 1447 1449 1467 1484 1497 1506 1523 1593 1606 1645 1651 1705 1739 1745 1749 1765 1766 1786 1829 1901 1904 1906 1907 1908 1910 1911 1913 1914 1917 1920 1921 1924 1926 1927 1929 1931 1932 1933 1934 1936 1937 1938 1939 1940 1941 1942 1944 1945 1946 1949 1950 1952 1953 1954 1956 1959 1960 1961 1962 1963 1964 1965 1966 1967 1968 1971 10477 578 1947 1121 364
	}
	weather={
	}
}
