
strategic_region={
	id=32
	name="STRATEGICREGION_32"
	provinces={
		25 32 34 37 84 85 87 92 142 148 190 286 328 339 342 354 385 447 485 515 524 530 539 571 572 594 600 651 654 657 680 697 720 742 766 777 784 841 865 944 950 971 1007 1018 1039 1058 1067 1071 1091 1146 1149 1154 1161 1168 1198 1207 1222 1231 1239 1244 1287 1291 1296 1301 1303 1334 1363 1427 1433 1481 1502 1512 1540 1628 1639 1687 1698 1720 1721 1722 1730 1742 1751 1761 1767 1868 2002 2005 2007 2013 2015 2016 2017 2023 2024 2025 2026 2027 2031 2036 2039 2041 2045 2050 2052 2061 2068 2071 2072 2091 2108 2113 2125 2196 
	}
	weather={
	}
}
