
strategic_region={
	id=37
	name="STRATEGICREGION_37"
	provinces={
		3078 3081 3467 3815 3913 3934 4260 4269 4518 4611 4689 4769 4922 4926 4959 5090 5214 5371 5482 5603 5700 5714 5776 5777 5827 5863 5922 5952 5994 6006 6022 6096 6116 6131 6334 6513 6774 6791 6905 6921 7001 7267 7273 7461 7487 7528 7555 7561 7588 7593 7672 7777 7833 7908 8014 8022 8036 8054 8089 8154 8182 8186 8248 8307 8311 8345 8530 8598 8612 8677 8744 8869 9272 9288 9300 9314 9325 9331 9334 9339 9340 9345 9359 9362 9370 9383 9390 9391 9405 9406 9410 9427 9431 9432 9434 9438 9449 9451 9460 9461 9474 9476 9485 9508 9511 
	}
	weather={
	}
}
