
strategic_region={
	id=38
	name="STRATEGICREGION_38"
	provinces={
		39 83 765 1186 1288 1297 1372 1532 1571 1693 1843 1995 2709 2854 2912 2916 3021 3052 3076 3327 3365 3715 3829 3831 3882 4091 4370 4411 4434 4494 4519 4626 4698 4734 4784 4852 4908 4910 5176 5366 5485 5584 5645 5814 5833 5854 5980 5996 6045 6067 6297 6367 6405 6471 6481 6525 6592 6641 6662 6668 6682 6771 6800 6976 7010 7097 7205 7249 7270 7279 7301 7330 7347 7391 7407 7428 7433 7459 7484 7489 7562 7578 7590 7645 7755 7814 7848 7854 7915 8025 8033 8178 8210 8269 8359 8364 8380 8491 8494 8527 8587 8592 8603 8606 8638 8870 9394 9412 9417 9424 9430 9440 9455 9470 9472 9479 9489 9492 9498 9500 9502 9507 9519 9521 9546 9570 9612 
	}
	weather={
	}
}
