
strategic_region={
	id=43
	name="STRATEGICREGION_43"
	provinces={
		547 559 1515 1772 1943 1948 2605 2926 2964 3239 3645 3711 3739 3954 3974 3988 4142 4215 4391 4427 4598 4618 4778 4868 5006 5100 5331 5533 5539 5775 5819 6171 6177 6320 6328 6557 6618 6696 6715 6819 6862 7112 7115 7133 7163 7364 7424 7534 7681 7698 7804 7960 8061 8156 8249 8443 8470 8493 8554 8560 8871 8964 8970 8974 8978 8992 9015 9016 9025 9050 9057 9074 9080 9083 9105 9121 9135 9136 9139 9141 9147 9157 9189 
	}
	weather={
	}
}
