
strategic_region={
	id=46
	name="STRATEGICREGION_46"
	provinces={
		74 779 974 1375 1431 1861 1989 1998 2536 2538 2584 2977 3033 3080 3096 3122 3319 3324 3496 3588 4151 4203 4277 4320 4586 4612 4649 4659 4790 4810 4906 4928 4965 5106 5140 5174 5182 5184 5196 5232 5391 5480 5517 5610 5612 5711 6000 6075 6105 6191 6193 6351 6364 6382 6468 6543 6559 6710 6717 6779 6841 6850 6870 6943 6953 7014 7054 7073 7107 7126 7203 7338 7341 7447 7471 7475 7476 7515 7549 7559 7566 7661 7712 7715 7843 7905 7935 8118 8205 8354 8394 8500 8567 8573 8585 8610 8783 8838 9212 9222 9223 9231 9236 9240 9249 9252 9261 9267 9274 9278 9282 9291 9292 9293 9304 9306 9307 9312 9313 9320 9321 9326 9328 9330 9347 9348 9356 9361 9368 9371 9376 9382 9385 9393 9414 9415 9433 
	}
	weather={
	}
}
