
strategic_region={
	id=48
	name="STRATEGICREGION_48"
	provinces={
		508 696 835 984 1280 1676 1787 1823 2489 3310 3696 3712 3834 3857 3895 3956 4218 4377 4401 4629 4833 4897 5132 5139 5449 5614 5670 5789 5826 5828 5897 6016 6072 6098 6130 6132 6209 6606 6647 6788 6886 6932 7103 7269 7379 7495 7634 7644 7745 7832 7951 8193 8327 8420 8513 8519 8664 8833 10101 10111 10123 10128 10129 10130 10133 10134 10148 10155 10160 10163 10174 10181 10185 10203 10205 10210 10215 10220 10223 
	}
	weather={
	}
}
