
strategic_region={
	id=49
	name="STRATEGICREGION_49"
	provinces={
		104 237 577 704 713 912 940 1270 1298 2507 2511 2518 2634 2685 2750 2812 2833 2842 2846 2890 2979 2999 3032 3214 3351 3491 3527 3572 3651 3830 3993 4016 4026 4124 4227 4290 4351 4360 4497 4575 4677 4680 4843 4866 4869 4882 4935 5081 5103 5142 5151 5152 5153 5205 5284 5326 5410 5437 5441 5706 5767 5811 5866 5911 6336 6379 6480 6510 6555 6594 6839 6922 6926 6998 7123 7149 7152 7155 7156 7169 7242 7246 7274 7284 7299 7314 7415 7550 7596 7627 7656 7667 7816 7873 7875 7878 7971 8072 8211 8214 8227 8395 8401 8417 8422 8423 8427 8533 8589 8590 8594 8611 8702 8769 8777 10018 10030 10051 10053 10058 10064 10084 10092 10102 10108 10119 10126 10150 10153 10158 10162 10167 10168 10171 10175 10183 10189 10200 10201 10204 10208 10213 10218 10228 10233 10240 10257 10258 10261 10262 
	}
	weather={
	}
}
