
strategic_region={
	id=65
	name="STRATEGICREGION_65"
	provinces={
		361 495 1243 2446 2575 2878 2909 2930 3109 3186 3321 3560 3582 3766 3778 3877 3957 4067 4086 4163 4279 4338 4404 4405 4443 4596 4635 4702 4777 4781 4851 4913 5053 5143 5193 5246 5257 5346 5445 5468 5469 5501 5644 5725 5741 5947 6201 6244 6411 6478 6490 6629 6676 6681 6716 6765 6768 6936 7025 7029 7096 7121 7209 7218 7441 7485 7525 7623 7675 7769 7826 7863 7899 7914 7942 7952 7997 8015 8062 8096 8258 8353 8399 8424 8430 8449 8452 8456 8508 8583 8602 8634 8647 8740 8741 8760 8761 8799 8812 8826 8830 9814 9831 9836 9838 9846 9861 9878 9880 9882 9885 9888 9919 9924 9945 10004 
	}
	weather={
	}
}
